2000 5 1 2 5 0 3 5 1 4 6 2 4
2001 0 3 3 6 1 4 6 2 5 0 3 5
2002 1 4 4 0 2 5 0 3 0 1 4 0
2003 2 5 5 1 3 6 1 4 0 2 5 0
2004 3 6 0 3 5 1 3 6 2 4 0 2
2005 5 1 1 4 6 2 4 0 3 5 1 3
2006 6 2 2 5 0 3 5 1 4 6 2 4
2007 0 3 3 6 1 4 6 2 5 0 3 5
2008 1 4 5 1 3 6 1 4 0 2 5 0
2009 3 6 6 2 4 0 2 5 1 3 6 1
2010 4 0 0 3 5 1 3 6 2 4 0 2
2011 5 1 1 4 6 2 4 0 3 5 1 3
2012 6 2 3 6 1 4 6 2 5 0 3 5
2013 1 4 4 0 2 5 0 3 6 1 4 6
2014 2 5 5 1 3 6 1 4 0 2 5 0
2015 3 6 6 2 4 0 2 5 1 3 6 1
2016 4 0 1 4 6 2 4 0 3 5 1 3
2017 6 2 2 5 0 3 5 1 4 6 2 4
2018 0 3 3 6 1 4 6 2 5 0 3 5
2019 1 4 4 0 2 5 0 3 6 1 5 6
2020 2 5 6 2 4 0 2 5 1 3 6 1
2021 4 0 0 3 5 1 3 6 2 4 0 2
2022 5 1 1 4 6 2 4 0 3 5 1 3
2023 6 2 2 5 0 3 5 1 4 6 2 4
2024 0 3 4 0 2 5 0 3 6 1 4 6
2025 2 5 5 1 3 6 1 4 0 2 5 0
2026 3 6 6 2 4 0 2 5 1 3 6 1
2027 4 0 0 3 5 1 3 6 2 4 0 2
2028 5 1 2 5 0 3 5 1 4 6 2 4
2029 0 3 3 6 1 4 6 2 5 0 3 5
2030 1 4 4 0 2 5 0 3 6 1 4 6